TPR:
0     0.991667
1     0.975000
2     0.975000
3     0.850000
4     0.908333
5     0.975000
6     0.883333
7     0.708333
8     0.883333
9     0.916667
10    0.833333
11    0.891667
12    0.925000
13    0.941667
14    0.733333
15    0.908333
16    0.950000
17    0.858333
18    0.908333
19    0.925000
20    0.916667
21    0.950000
22    0.983333
23    0.983333
24    0.708333
25    0.908333
26    0.975000
27    0.966667
dtype: float64
TNR:
0     0.999383
1     0.999691
2     0.991358
3     0.998457
4     0.999691
5     0.993210
6     0.996296
7     0.999074
8     0.991358
9     0.993519
10    0.997531
11    0.997840
12    0.997840
13    0.995062
14    0.999383
15    0.998148
16    0.995988
17    0.996296
18    0.997222
19    0.991975
20    0.994753
21    0.998457
22    0.996605
23    0.999383
24    0.999383
25    0.998148
26    0.991975
27    0.993210
dtype: float64
PPV:
0     0.983471
1     0.991525
2     0.806897
3     0.953271
4     0.990909
5     0.841727
6     0.898305
7     0.965909
8     0.791045
9     0.839695
10    0.925926
11    0.938596
12    0.940678
13    0.875969
14    0.977778
15    0.947826
16    0.897638
17    0.895652
18    0.923729
19    0.810219
20    0.866142
21    0.957983
22    0.914729
23    0.983333
24    0.977011
25    0.947826
26    0.818182
27    0.840580
dtype: float64
NPV:
0     0.999691
1     0.999075
2     0.999067
3     0.994467
4     0.996615
5     0.999069
6     0.995682
7     0.989303
8     0.995660
9     0.996903
10    0.993850
11    0.995995
12    0.997224
13    0.997833
14    0.990214
15    0.996610
16    0.998144
17    0.994761
18    0.996607
19    0.997208
20    0.996907
21    0.998149
22    0.999381
23    0.999383
24    0.989306
25    0.996610
26    0.999067
27    0.998759
dtype: float64
FPR:
0     0.000617
1     0.000309
2     0.008642
3     0.001543
4     0.000309
5     0.006790
6     0.003704
7     0.000926
8     0.008642
9     0.006481
10    0.002469
11    0.002160
12    0.002160
13    0.004938
14    0.000617
15    0.001852
16    0.004012
17    0.003704
18    0.002778
19    0.008025
20    0.005247
21    0.001543
22    0.003395
23    0.000617
24    0.000617
25    0.001852
26    0.008025
27    0.006790
dtype: float64
FNR:
0     0.008333
1     0.025000
2     0.025000
3     0.150000
4     0.091667
5     0.025000
6     0.116667
7     0.291667
8     0.116667
9     0.083333
10    0.166667
11    0.108333
12    0.075000
13    0.058333
14    0.266667
15    0.091667
16    0.050000
17    0.141667
18    0.091667
19    0.075000
20    0.083333
21    0.050000
22    0.016667
23    0.016667
24    0.291667
25    0.091667
26    0.025000
27    0.033333
dtype: float64
FDR:
0     0.016529
1     0.008475
2     0.193103
3     0.046729
4     0.009091
5     0.158273
6     0.101695
7     0.034091
8     0.208955
9     0.160305
10    0.074074
11    0.061404
12    0.059322
13    0.124031
14    0.022222
15    0.052174
16    0.102362
17    0.104348
18    0.076271
19    0.189781
20    0.133858
21    0.042017
22    0.085271
23    0.016667
24    0.022989
25    0.052174
26    0.181818
27    0.159420
dtype: float64
ACC:
0     0.999107
1     0.998810
2     0.990774
3     0.993155
4     0.996429
5     0.992560
6     0.992262
7     0.988690
8     0.987500
9     0.990774
10    0.991667
11    0.994048
12    0.995238
13    0.993155
14    0.989881
15    0.994940
16    0.994345
17    0.991369
18    0.994048
19    0.989583
20    0.991964
21    0.996726
22    0.996131
23    0.998810
24    0.988988
25    0.994940
26    0.991369
27    0.992262
dtype: float64
